 1 2 3 4 5 6 7 8 9 10 11 12 13 14 15 16 17 18 19 20 21 22 23 24 25 26 27 28 29 30 31 32 33 34 35 36 37 38 39 40 41 42 43 44 45 46 47 48 49 50 51 52 53 54 55 56 57 58 59 60 61 62 63 64 65 66 67 68 69 70 71 72 73 74 75 76 77 78 79 80 81 82 83 84 85 86 87 88 89 90 91 92 93 94 95 96 97 98 99 100 101 102 103 104 105 106 107 108 109 110 111 112 113 114 115 116 117 118 119 120 121 122 123 124 125 126 127 128 129 130 131 132 133 134 135 136 137 138 139 140 141 142 143 144 145 146 147 148 149 150
001 1.0 0.9313725490196079 0.9215686274509804 0.9029126213592233 0.9805825242718448 0.894736842105263 0.9320388349514562 0.9708737864077671 0.8725490196078433 0.9223300970873788 0.9444444444444443 0.9423076923076923 0.9117647058823529 0.8333333333333333 0.8771929824561403 0.8499999999999999 0.9099099099099097 0.9902912621359222 0.8869565217391304 0.9532710280373832 0.9351851851851852 0.9532710280373831 0.9029126213592233 0.9259259259259258 0.9158878504672897 0.9230769230769231 0.9433962264150944 0.9807692307692306 0.9805825242718446 0.9134615384615385 0.9134615384615384 0.9351851851851851 0.9181818181818181 0.9026548672566372 0.9223300970873788 0.9411764705882352 0.9528301886792453 0.9223300970873788 0.8725490196078433 0.9805825242718448 0.9708737864077669 0.8058252427184465 0.8921568627450981 0.9351851851851852 0.9107142857142857 0.9126213592233008 0.9532710280373833 0.9215686274509803 0.9532710280373832 0.9705882352941178 0.5963855421686748 0.6226415094339622 0.5833333333333333 0.6293706293706293 0.5900621118012421 0.6333333333333332 0.6211180124223601 0.6899224806201552 0.6 0.6714285714285713 0.6564885496183206 0.6423841059602647 0.6137931034482758 0.6114649681528662 0.6857142857142857 0.6124999999999999 0.6423841059602649 0.6527777777777778 0.5668789808917196 0.652482269503546 0.61875 0.6375838926174495 0.5679012345679012 0.6129032258064515 0.6193548387096774 0.610062893081761 0.5757575757575758 0.57396449704142 0.6193548387096774 0.678832116788321 0.6546762589928057 0.6642335766423357 0.6527777777777778 0.5802469135802468 0.6510067114093959 0.6474358974358975 0.597560975609756 0.5806451612903225 0.6689655172413793 0.6433566433566432 0.636986301369863 0.6217948717948718 0.6413793103448276 0.689922480620155 0.643835616438356 0.6643835616438355 0.6530612244897958 0.6274509803921569 0.7244094488188976 0.6506849315068491 0.546448087431694 0.5766871165644172 0.5215053763440859 0.5581395348837209 0.5388888888888889 0.48989898989898983 0.6081081081081081 0.5079365079365079 0.5168539325842696 0.5257731958762887 0.5789473684210527 0.5497076023391813 0.5418994413407822 0.5679012345679011 0.5654761904761906 0.5657142857142858 0.560693641618497 0.5 0.4558823529411764 0.5562499999999999 0.5380434782608694 0.5937499999999999 0.4773869346733667 0.5696969696969696 0.5555555555555552 0.535135135135135 0.5828220858895704 0.5950920245398772 0.5397727272727272 0.5359116022099447 0.5026455026455027 0.5074626865671641 0.536723163841808 0.5792682926829268 0.5602409638554217 0.4948979591836734 0.5674157303370788 0.5697674418604651 0.6024844720496894 0.5474860335195529 0.5384615384615385 0.550561797752809 0.5766871165644172 0.5351351351351352 0.543478260869565 0.5480225988700563 0.5508982035928144 0.563953488372093 0.5804597701149425 0.5950920245398772
002 0.9313725490196079 1.0 0.9484536082474226 0.9484536082474226 0.9313725490196079 0.8333333333333333 0.9199999999999998 0.9405940594059407 0.9368421052631579 0.9690721649484537 0.8796296296296295 0.9306930693069306 0.9789473684210526 0.8947368421052629 0.8157894736842105 0.7916666666666665 0.8468468468468467 0.9223300970873786 0.8260869565217391 0.8878504672897197 0.8878504672897197 0.8878504672897195 0.8712871287128712 0.8962264150943398 0.9038461538461536 0.9693877551020409 0.9134615384615384 0.9134615384615384 0.9313725490196078 0.9393939393939394 0.9591836734693877 0.8878504672897195 0.8545454545454546 0.84070796460177 0.9690721649484537 0.9489795918367346 0.8867924528301887 0.9690721649484537 0.9368421052631579 0.9313725490196079 0.9215686274509803 0.8645833333333331 0.9175257731958762 0.8878504672897197 0.8482142857142858 0.9791666666666664 0.8878504672897198 0.9484536082474225 0.8878504672897197 0.9595959595959596 0.5828220858895706 0.6089743589743589 0.5792682926829269 0.6376811594202898 0.5961538461538461 0.6413793103448274 0.5974842767295598 0.7295081967213115 0.6064516129032258 0.6814814814814814 0.68 0.6506849315068493 0.6214285714285713 0.618421052631579 0.6962962962962963 0.6089743589743589 0.6506849315068494 0.6618705035971223 0.5723684210526315 0.6617647058823529 0.6050955414012738 0.6458333333333333 0.5732484076433121 0.6199999999999999 0.6266666666666667 0.6168831168831169 0.58125 0.5792682926829268 0.6266666666666667 0.6893939393939393 0.664179104477612 0.6742424242424243 0.6618705035971223 0.5859872611464968 0.6597222222222222 0.6129032258064516 0.59375 0.5866666666666666 0.6785714285714286 0.6521739130434783 0.6453900709219859 0.6291390728476821 0.65 0.7154471544715446 0.6524822695035459 0.6737588652482269 0.6619718309859154 0.6351351351351351 0.7377049180327869 0.6595744680851062 0.5248618784530388 0.5822784810126582 0.5248618784530387 0.562874251497006 0.5428571428571428 0.49222797927461137 0.6382978723404256 0.5108695652173912 0.5202312138728323 0.4896907216494846 0.5654761904761906 0.5542168674698795 0.5459770114942529 0.5732484076433121 0.570552147239264 0.5523255813953487 0.5654761904761905 0.46568627450980393 0.4572864321608041 0.5612903225806452 0.5248618784530387 0.6 0.4793814432989689 0.575 0.5337078651685393 0.5219780219780219 0.5886075949367088 0.6012658227848101 0.543859649122807 0.5397727272727272 0.5054347826086957 0.47263681592039797 0.5406976744186047 0.5849056603773585 0.5652173913043479 0.4973821989528795 0.536723163841808 0.5654761904761905 0.6089743589743589 0.5428571428571428 0.5337078651685393 0.5459770114942529 0.5822784810126582 0.521978021978022 0.521978021978022 0.5523255813953487 0.5555555555555556 0.5688622754491018 0.5491329479768786 0.6012658227848101
003 0.9215686274509804 0.9484536082474226 1.0 0.9583333333333331 0.9215686274509801 0.8245614035087719 0.9489795918367343 0.9306930693069307 0.9263157894736841 0.9387755102040817 0.8703703703703703 0.9400000000000002 0.9479166666666666 0.9042553191489361 0.823008849557522 0.7833333333333331 0.8545454545454544 0.9126213592233009 0.8173913043478261 0.8785046728971964 0.8785046728971964 0.8785046728971962 0.9183673469387753 0.8867924528301889 0.9126213592233011 0.92 0.9038461538461539 0.9038461538461539 0.9215686274509804 0.9690721649484537 0.9489795918367349 0.8785046728971962 0.8454545454545453 0.831858407079646 0.9387755102040817 0.9587628865979381 0.895238095238095 0.9387755102040817 0.9468085106382979 0.9215686274509804 0.9306930693069304 0.8736842105263157 0.9680851063829786 0.8785046728971961 0.8392857142857144 0.9484536082474225 0.8785046728971965 0.9789473684210526 0.8785046728971961 0.9494949494949493 0.5766871165644172 0.6025641025641025 0.5636363636363637 0.607142857142857 0.5696202531645569 0.6122448979591836 0.591194968553459 0.693548387096774 0.5796178343949044 0.6496350364963503 0.6456692913385826 0.6216216216216215 0.5915492957746478 0.5909090909090908 0.6642335766423357 0.5923566878980892 0.6216216216216215 0.6312056737588652 0.5454545454545453 0.6304347826086957 0.5987261146496814 0.6164383561643835 0.5471698113207547 0.5921052631578948 0.5986842105263157 0.5897435897435896 0.5555555555555556 0.5542168674698794 0.5986842105263157 0.6567164179104478 0.6323529411764705 0.6417910447761193 0.6312056737588653 0.559748427672956 0.6301369863013697 0.6064516129032258 0.577639751552795 0.5592105263157894 0.6478873239436619 0.6214285714285713 0.6153846153846153 0.6013071895424836 0.619718309859155 0.6799999999999998 0.6223776223776224 0.6433566433566432 0.6319444444444442 0.6066666666666666 0.7016129032258064 0.6293706293706294 0.5193370165745855 0.5562499999999999 0.5027322404371584 0.5384615384615384 0.519774011299435 0.4717948717948718 0.6083916083916083 0.4892473118279568 0.4971428571428571 0.48453608247422675 0.5595238095238095 0.5297619047619048 0.5227272727272726 0.5471698113207547 0.5454545454545454 0.5465116279069768 0.5411764705882353 0.4607843137254901 0.43781094527363185 0.5350318471337578 0.5193370165745858 0.5732484076433121 0.4591836734693877 0.5493827160493826 0.5280898876404493 0.5164835164835164 0.5625 0.575 0.5202312138728323 0.5168539325842696 0.4838709677419355 0.46766169154228854 0.5172413793103448 0.5590062111801242 0.5398773006134969 0.4766839378238341 0.5310734463276836 0.5502958579881656 0.5822784810126581 0.5284090909090909 0.5195530726256984 0.5314285714285715 0.5562499999999999 0.5164835164835164 0.5164835164835164 0.528735632183908 0.5304878048780488 0.5443786982248521 0.5433526011560693 0.575
004 0.9029126213592233 0.9484536082474226 0.9583333333333331 1.0 0.9029126213592233 0.8245614035087718 0.9489795918367345 0.9306930693069306 0.9468085106382981 0.9587628865979381 0.8703703703703701 0.9400000000000001 0.9479166666666669 0.9042553191489361 0.7913043478260869 0.7833333333333331 0.8214285714285713 0.894230769230769 0.8173913043478259 0.8785046728971961 0.8785046728971961 0.878504672897196 0.898989898989899 0.8867924528301887 0.9126213592233009 0.9393939393939394 0.9038461538461536 0.9038461538461536 0.9029126213592231 0.9690721649484534 0.9690721649484537 0.878504672897196 0.8454545454545453 0.8157894736842105 0.9587628865979381 0.9191919191919193 0.8598130841121495 0.9587628865979381 0.9468085106382979 0.9215686274509803 0.8932038834951455 0.8736842105263157 0.9473684210526315 0.8785046728971961 0.8392857142857142 0.9484536082474226 0.8785046728971964 0.9789473684210526 0.8785046728971961 0.9299999999999999 0.5766871165644172 0.6025641025641024 0.573170731707317 0.6187050359712227 0.5796178343949043 0.6232876712328765 0.5911949685534591 0.7073170731707316 0.5897435897435898 0.6617647058823529 0.6587301587301586 0.6326530612244897 0.6028368794326241 0.6013071895424836 0.676470588235294 0.6025641025641024 0.6326530612244897 0.6428571428571429 0.5555555555555556 0.6423357664233577 0.5987261146496813 0.6275862068965515 0.5569620253164557 0.6026490066225165 0.6092715231788078 0.6 0.5652173913043478 0.5636363636363636 0.609271523178808 0.669172932330827 0.6444444444444445 0.6541353383458646 0.6428571428571429 0.5696202531645569 0.6413793103448275 0.6064516129032257 0.5874999999999999 0.5695364238410595 0.6595744680851063 0.6330935251798561 0.6267605633802816 0.6118421052631579 0.6312056737588653 0.6935483870967739 0.6338028169014085 0.6549295774647886 0.6433566433566432 0.6174496644295301 0.7154471544715447 0.640845070422535 0.5193370165745856 0.5660377358490567 0.5109890109890108 0.5476190476190477 0.528409090909091 0.47938144329896903 0.6197183098591549 0.4972972972972973 0.5057471264367814 0.48453608247422675 0.5595238095238095 0.5389221556886228 0.5314285714285714 0.5569620253164556 0.5548780487804877 0.5465116279069766 0.5502958579881657 0.4607843137254901 0.44499999999999984 0.5448717948717948 0.5193370165745855 0.5833333333333333 0.46666666666666656 0.5590062111801243 0.5280898876404493 0.5164835164835163 0.572327044025157 0.5849056603773584 0.5290697674418604 0.5254237288135591 0.49189189189189175 0.4676616915422884 0.5260115606936415 0.56875 0.5493827160493826 0.484375 0.5310734463276836 0.5595238095238094 0.5923566878980892 0.537142857142857 0.5280898876404493 0.5402298850574713 0.5660377358490567 0.5164835164835164 0.5164835164835164 0.5375722543352601 0.5398773006134969 0.5535714285714285 0.5433526011560693 0.5849056603773584
005 0.9805825242718448 0.9313725490196079 0.9215686274509801 0.9029126213592233 1.0 0.894736842105263 0.9320388349514562 0.9708737864077671 0.8725490196078433 0.9223300970873788 0.9444444444444445 0.9423076923076925 0.911764705882353 0.8333333333333334 0.8771929824561402 0.85 0.9099099099099097 0.971153846153846 0.8869565217391305 0.9532710280373834 0.9174311926605506 0.9532710280373832 0.9215686274509803 0.9082568807339451 0.9158878504672898 0.9230769230769231 0.9433962264150944 0.961904761904762 0.9615384615384617 0.9134615384615382 0.9134615384615385 0.9174311926605504 0.9181818181818183 0.9026548672566373 0.9223300970873788 0.941176470588235 0.9345794392523366 0.9223300970873788 0.8725490196078433 0.9615384615384617 0.9708737864077669 0.8058252427184464 0.8921568627450979 0.9351851851851852 0.9107142857142859 0.9126213592233009 0.9532710280373835 0.9215686274509801 0.9532710280373834 0.9705882352941175 0.5868263473053892 0.6124999999999999 0.5739644970414202 0.6180555555555554 0.5802469135802467 0.6225165562913906 0.611111111111111 0.6899224806201552 0.5900621118012424 0.6595744680851062 0.6564885496183206 0.631578947368421 0.6027397260273971 0.6012658227848102 0.6737588652482269 0.6024844720496895 0.631578947368421 0.6413793103448274 0.5569620253164556 0.6408450704225352 0.608695652173913 0.6266666666666666 0.558282208588957 0.6025641025641025 0.6089743589743589 0.6 0.5662650602409637 0.5647058823529412 0.608974358974359 0.6666666666666666 0.6428571428571429 0.6521739130434783 0.6413793103448274 0.5705521472392637 0.64 0.6369426751592357 0.5878787878787879 0.5705128205128203 0.6575342465753424 0.6319444444444444 0.6258503401360545 0.6114649681528662 0.6301369863013698 0.6899224806201548 0.6326530612244897 0.653061224489796 0.6418918918918919 0.6168831168831169 0.7109375 0.639455782312925 0.5380434782608696 0.5670731707317072 0.5133689839572192 0.5491329479768786 0.5303867403314917 0.48241206030150763 0.6081081081081081 0.5 0.5083798882681564 0.5257731958762887 0.5697674418604649 0.5406976744186046 0.5333333333333333 0.5582822085889572 0.5562130177514791 0.5568181818181818 0.5517241379310345 0.5 0.448780487804878 0.5465838509316769 0.5297297297297295 0.5838509316770185 0.47 0.5602409638554215 0.5469613259668507 0.5268817204301074 0.5731707317073169 0.5853658536585367 0.5310734463276836 0.5274725274725274 0.49473684210526314 0.5074626865671642 0.5280898876404493 0.5696969696969696 0.5508982035928144 0.4873096446700509 0.558659217877095 0.560693641618497 0.5925925925925926 0.5388888888888889 0.5300546448087432 0.5418994413407822 0.5670731707317072 0.5268817204301074 0.5351351351351351 0.5393258426966293 0.5416666666666666 0.5549132947976878 0.5714285714285714 0.5853658536585367
006 0.894736842105263 0.8333333333333333 0.8245614035087719 0.8245614035087718 0.894736842105263 1.0 0.8508771929824562 0.8859649122807017 0.7807017543859649 0.8421052631578947 0.9473684210526316 0.8771929824561402 0.8157894736842104 0.7456140350877192 0.8991596638655462 0.9180327868852459 0.9649122807017545 0.9035087719298246 0.9572649572649571 0.9385964912280701 0.9385964912280701 0.9385964912280702 0.8245614035087718 0.9130434782608694 0.8706896551724135 0.8596491228070174 0.9122807017543859 0.9122807017543859 0.8947368421052633 0.8508771929824562 0.8508771929824559 0.9385964912280702 0.9224137931034484 0.9237288135593221 0.8421052631578947 0.8421052631578946 0.9043478260869565 0.8421052631578947 0.7807017543859649 0.894736842105263 0.8859649122807018 0.7368421052631579 0.7982456140350876 0.9051724137931034 0.9482758620689653 0.8333333333333333 0.9385964912280699 0.8245614035087718 0.9385964912280701 0.868421052631579 0.6294117647058826 0.656441717791411 0.6162790697674417 0.6666666666666667 0.6242424242424242 0.6688311688311687 0.6545454545454544 0.6911764705882353 0.6341463414634148 0.6849315068493151 0.6594202898550724 0.6774193548387097 0.6510067114093961 0.6459627329192548 0.7222222222222222 0.646341463414634 0.6774193548387097 0.6891891891891894 0.6024844720496895 0.6896551724137931 0.6524390243902439 0.6732026143790849 0.6024096385542169 0.6477987421383647 0.6540880503144654 0.6441717791411044 0.6094674556213018 0.6069364161849712 0.6540880503144654 0.7163120567375886 0.6923076923076924 0.702127659574468 0.6891891891891894 0.6144578313253013 0.6862745098039217 0.68125 0.6309523809523809 0.6163522012578617 0.7046979865771813 0.6802721088435375 0.6733333333333333 0.6562500000000001 0.6778523489932886 0.6911764705882353 0.68 0.7000000000000001 0.6887417218543046 0.662420382165605 0.7238805970149255 0.6866666666666665 0.5775401069518716 0.6107784431137725 0.5526315789473685 0.590909090909091 0.5706521739130436 0.5198019801980197 0.6129032258064517 0.538860103626943 0.5494505494505495 0.5634517766497461 0.6114285714285715 0.582857142857143 0.5737704918032788 0.6024096385542169 0.5988372093023255 0.5977653631284916 0.5932203389830509 0.5512195121951219 0.485576923076923 0.5914634146341464 0.5691489361702128 0.6280487804878049 0.5073891625615763 0.6035502958579883 0.5869565217391303 0.5661375661375662 0.6167664670658681 0.6287425149700601 0.5722222222222222 0.5675675675675675 0.533678756476684 0.5594059405940592 0.5690607734806629 0.6130952380952381 0.5941176470588235 0.525 0.598901098901099 0.6022727272727272 0.6363636363636365 0.5792349726775955 0.5698924731182795 0.5824175824175825 0.6107784431137725 0.5661375661375662 0.5744680851063829 0.5801104972375691 0.5847953216374271 0.5965909090909092 0.6123595505617977 0.6287425149700601
007 0.9320388349514562 0.9199999999999998 0.9489795918367343 0.9489795918367345 0.9320388349514562 0.8508771929824562 1.0 0.9411764705882352 0.9175257731958762 0.9108910891089107 0.880733944954128 0.9504950495049505 0.9191919191919191 0.8762886597938142 0.8173913043478259 0.8083333333333333 0.8648648648648649 0.941747572815534 0.8434782608695651 0.9065420560747663 0.8888888888888888 0.9065420560747662 0.9292929292929292 0.897196261682243 0.923076923076923 0.8932038834951455 0.9326923076923077 0.9142857142857141 0.932038834951456 0.9399999999999997 0.9207920792079207 0.9065420560747663 0.8558558558558558 0.8421052631578946 0.9108910891089107 0.9108910891089108 0.8878504672897195 0.9108910891089107 0.9175257731958762 0.9320388349514562 0.9411764705882353 0.8659793814432991 0.9381443298969072 0.9065420560747666 0.8660714285714286 0.9393939393939394 0.8888888888888887 0.9690721649484535 0.8888888888888886 0.9405940594059404 0.5757575757575759 0.6012658227848101 0.5628742514970059 0.6056338028169014 0.5687500000000001 0.6107382550335569 0.6000000000000001 0.6904761904761905 0.578616352201258 0.6474820143884891 0.6434108527131783 0.62 0.5902777777777778 0.5897435897435899 0.6618705035971224 0.5911949685534591 0.62 0.6293706293706294 0.5448717948717948 0.6285714285714287 0.5974842767295596 0.6148648648648648 0.546583850931677 0.5909090909090909 0.5974025974025974 0.5886075949367089 0.5548780487804879 0.5535714285714286 0.5974025974025975 0.6544117647058824 0.6304347826086958 0.6397058823529412 0.6293706293706294 0.5590062111801243 0.6283783783783784 0.6258064516129033 0.5766871165644172 0.5584415584415584 0.6458333333333334 0.6197183098591549 0.6137931034482759 0.6000000000000001 0.6180555555555557 0.6771653543307087 0.6206896551724138 0.6413793103448276 0.6301369863013698 0.6052631578947368 0.6984126984126985 0.6275862068965516 0.5274725274725276 0.5555555555555556 0.5027027027027028 0.5380116959064328 0.5195530726256984 0.47208121827411165 0.606896551724138 0.4893617021276595 0.4971751412429378 0.5 0.5588235294117647 0.5294117647058824 0.5224719101123596 0.546583850931677 0.5449101796407184 0.5459770114942528 0.5406976744186047 0.47549019607843135 0.43842364532019706 0.5345911949685535 0.5191256830601093 0.5723270440251572 0.45959595959595956 0.5487804878048781 0.536312849162011 0.5163043478260869 0.5617283950617282 0.5740740740740742 0.5200000000000001 0.5166666666666666 0.4840425531914896 0.48258706467661683 0.5170454545454546 0.5582822085889572 0.5393939393939394 0.4769230769230769 0.5480225988700564 0.5497076023391813 0.58125 0.5280898876404494 0.5193370165745855 0.5310734463276836 0.5555555555555556 0.5163043478260869 0.5245901639344261 0.5284090909090909 0.530120481927711 0.543859649122807 0.5606936416184971 0.5740740740740742
008 0.9708737864077671 0.9405940594059407 0.9306930693069307 0.9306930693069306 0.9708737864077671 0.8859649122807017 0.9411764705882352 1.0 0.8811881188118813 0.9504950495049505 0.9351851851851849 0.9705882352941178 0.9207920792079209 0.8415841584158417 0.8521739130434783 0.8416666666666667 0.8839285714285712 0.9615384615384615 0.8782608695652172 0.9439252336448597 0.9439252336448598 0.9439252336448595 0.8932038834951457 0.9345794392523366 0.9428571428571428 0.9509803921568627 0.971153846153846 0.9711538461538463 0.9708737864077671 0.9411764705882353 0.9411764705882353 0.9439252336448597 0.9090909090909093 0.8771929824561403 0.9504950495049505 0.9504950495049505 0.925233644859813 0.9504950495049505 0.8811881188118811 0.9901960784313726 0.9611650485436891 0.8137254901960784 0.9009900990099011 0.9439252336448598 0.9017857142857142 0.9215686274509803 0.9439252336448598 0.9306930693069307 0.9439252336448597 0.9801980198019804 0.6000000000000001 0.6265822784810126 0.5868263473053891 0.6338028169014085 0.5937500000000001 0.6375838926174497 0.6250000000000001 0.7086614173228347 0.6037735849056604 0.6762589928057555 0.6744186046511628 0.6466666666666666 0.6180555555555555 0.6153846153846154 0.6906474820143884 0.6163522012578616 0.6466666666666666 0.6573426573426573 0.5705128205128205 0.6571428571428571 0.6226415094339621 0.6418918918918919 0.5714285714285713 0.6168831168831169 0.6233766233766233 0.6139240506329113 0.5792682926829269 0.5773809523809523 0.6233766233766234 0.6838235294117646 0.6594202898550725 0.6691176470588235 0.6573426573426574 0.5838509316770186 0.6554054054054054 0.6516129032258065 0.6012269938650305 0.5844155844155844 0.673611111111111 0.6478873239436619 0.6413793103448275 0.6258064516129032 0.6458333333333333 0.7086614173228347 0.6482758620689654 0.6689655172413793 0.6575342465753424 0.631578947368421 0.7301587301587301 0.6551724137931035 0.5494505494505495 0.5802469135802468 0.5243243243243243 0.5614035087719298 0.5418994413407822 0.49238578680203027 0.6232876712328766 0.5106382978723404 0.519774011299435 0.5206185567010311 0.5823529411764705 0.5529411764705882 0.544943820224719 0.5714285714285713 0.5688622754491018 0.5689655172413791 0.563953488372093 0.4950980392156862 0.458128078817734 0.559748427672956 0.540983606557377 0.5974842767295597 0.4797979797979798 0.573170731707317 0.558659217877095 0.5380434782608695 0.5864197530864198 0.5987654320987654 0.5428571428571428 0.5388888888888889 0.5053191489361702 0.5024875621890545 0.5397727272727272 0.5828220858895706 0.5636363636363636 0.49743589743589745 0.5706214689265537 0.5730994152046782 0.60625 0.5505617977528089 0.5414364640883979 0.5536723163841809 0.5802469135802468 0.5380434782608694 0.546448087431694 0.5511363636363635 0.5542168674698794 0.567251461988304 0.5838150289017342 0.5987654320987654
009 0.8725490196078433 0.9368421052631579 0.9263157894736841 0.9468085106382981 0.8725490196078433 0.7807017543859649 0.9175257731958762 0.8811881188118813 1.0 0.9072164948453609 0.8240740740740738 0.8900000000000002 0.9361702127659577 0.9333333333333331 0.7631578947368421 0.7416666666666666 0.7927927927927928 0.8640776699029126 0.7739130434782607 0.8317757009345793 0.8317757009345795 0.8317757009345792 0.8673469387755103 0.839622641509434 0.8640776699029128 0.9081632653061226 0.8557692307692307 0.8557692307692307 0.872549019607843 0.917525773195876 0.9175257731958766 0.8317757009345794 0.8 0.7876106194690266 0.9072164948453609 0.8877551020408163 0.8301886792452832 0.9072164948453609 0.9777777777777779 0.8725490196078433 0.8627450980392156 0.901098901098901 0.9565217391304347 0.8317757009345795 0.7946428571428571 0.9368421052631579 0.8317757009345795 0.9468085106382979 0.8317757009345793 0.8989898989898988 0.5460122699386503 0.5705128205128204 0.5426829268292683 0.6058394160583941 0.567741935483871 0.6111111111111109 0.559748427672956 0.6942148760330578 0.577922077922078 0.6492537313432835 0.6451612903225806 0.6095890410958904 0.5899280575539568 0.5894039735099338 0.664179104477612 0.5705128205128205 0.6095890410958904 0.6304347826086957 0.5430463576158939 0.6296296296296297 0.5668789808917195 0.6153846153846153 0.5448717948717949 0.5906040268456376 0.5973154362416107 0.577922077922078 0.5534591194968552 0.5426829268292682 0.5973154362416108 0.6564885496183205 0.6315789473684211 0.6412213740458015 0.6304347826086957 0.5576923076923077 0.6180555555555556 0.5741935483870968 0.55625 0.5570469798657717 0.6357142857142858 0.6204379562043795 0.6142857142857142 0.5894039735099338 0.6187050359712231 0.680327868852459 0.6214285714285713 0.6312056737588652 0.6312056737588652 0.6054421768707482 0.7024793388429752 0.6285714285714284 0.4917127071823204 0.554140127388535 0.4917127071823204 0.5361445783132531 0.5085714285714285 0.4611398963730571 0.6071428571428571 0.4863387978142075 0.4941860465116279 0.4587628865979383 0.5297619047619048 0.5272727272727272 0.5114942528735633 0.5448717948717948 0.54320987654321 0.5174418604651161 0.5297619047619048 0.4362745098039216 0.4343434343434345 0.5324675324675324 0.4917127071823204 0.5714285714285714 0.4559585492227979 0.5471698113207547 0.4999999999999999 0.48901098901098883 0.5605095541401273 0.5632911392405063 0.5176470588235295 0.505681818181818 0.4808743169398908 0.44278606965174117 0.5146198830409356 0.5569620253164557 0.5375 0.46596858638743466 0.5028248587570623 0.5297619047619048 0.5705128205128205 0.5085714285714286 0.5000000000000001 0.5114942528735634 0.554140127388535 0.48901098901098894 0.48901098901098894 0.5174418604651163 0.5279503105590063 0.532934131736527 0.5144508670520233 0.5632911392405063
010 0.9223300970873788 0.9690721649484537 0.9387755102040817 0.9587628865979381 0.9223300970873788 0.8421052631578947 0.9108910891089107 0.9504950495049505 0.9072164948453609 1.0 0.8888888888888888 0.9405940594059404 0.9687499999999999 0.8854166666666665 0.808695652173913 0.7999999999999998 0.8392857142857142 0.9134615384615384 0.8347826086956521 0.897196261682243 0.897196261682243 0.8971962616822429 0.8627450980392156 0.9056603773584907 0.9134615384615382 0.9595959595959598 0.923076923076923 0.923076923076923 0.9223300970873786 0.9494949494949495 0.9693877551020408 0.8971962616822429 0.8807339449541284 0.8333333333333335 1.0 0.9393939393939394 0.8785046728971964 1.0 0.9072164948453608 0.9411764705882353 0.9126213592233009 0.8367346938775508 0.9081632653061225 0.897196261682243 0.8571428571428572 0.9489795918367345 0.8971962616822432 0.9387755102040815 0.897196261682243 0.95 0.588957055214724 0.6153846153846153 0.5853658536585367 0.633093525179856 0.592356687898089 0.6369863013698629 0.6037735849056605 0.7235772357723577 0.6025641025641026 0.6764705882352942 0.6746031746031746 0.6462585034013606 0.6170212765957447 0.6143790849673203 0.6911764705882354 0.6153846153846153 0.6462585034013606 0.6571428571428573 0.5686274509803922 0.6569343065693432 0.6114649681528661 0.6413793103448275 0.569620253164557 0.6158940397350994 0.6225165562913907 0.6129032258064516 0.577639751552795 0.5757575757575758 0.6225165562913908 0.6842105263157894 0.6592592592592593 0.6691729323308271 0.6571428571428573 0.5822784810126582 0.6551724137931034 0.6193548387096774 0.6 0.5827814569536424 0.6737588652482269 0.6474820143884892 0.6408450704225352 0.625 0.6453900709219859 0.7096774193548385 0.6478873239436621 0.6690140845070423 0.6573426573426573 0.6308724832214765 0.7317073170731708 0.6549295774647886 0.5303867403314918 0.578616352201258 0.5219780219780219 0.5595238095238096 0.5397727272727273 0.4896907216494846 0.6338028169014085 0.5081081081081081 0.5172413793103448 0.4948453608247423 0.5714285714285715 0.5508982035928145 0.5428571428571428 0.5696202531645569 0.5670731707317073 0.5581395348837208 0.562130177514793 0.47058823529411764 0.45499999999999985 0.5576923076923077 0.5303867403314917 0.5961538461538461 0.4769230769230769 0.5714285714285716 0.5393258426966292 0.5274725274725274 0.5849056603773584 0.5974842767295597 0.5406976744186046 0.5367231638418078 0.5027027027027027 0.4776119402985074 0.53757225433526 0.58125 0.5617283950617284 0.49479166666666674 0.5423728813559322 0.5714285714285714 0.6050955414012739 0.5485714285714286 0.5393258426966292 0.5517241379310345 0.578616352201258 0.5274725274725275 0.5274725274725275 0.5491329479768786 0.5521472392638038 0.5654761904761905 0.5549132947976878 0.5974842767295597
011 0.9444444444444443 0.8796296296296295 0.8703703703703703 0.8703703703703701 0.9444444444444445 0.9473684210526316 0.880733944954128 0.9351851851851849 0.8240740740740738 0.8888888888888888 1.0 0.9082568807339448 0.8611111111111109 0.7870370370370369 0.9130434782608697 0.8999999999999999 0.9464285714285715 0.9357798165137612 0.9391304347826087 0.9545454545454546 0.9545454545454546 0.9545454545454544 0.8703703703703701 0.893805309734513 0.8839285714285712 0.8899082568807338 0.9099099099099096 0.9629629629629629 0.9444444444444445 0.8807339449541285 0.8807339449541283 0.9545454545454544 0.9375000000000002 0.9385964912280704 0.8888888888888888 0.8888888888888886 0.9541284403669724 0.8888888888888888 0.8240740740740738 0.9444444444444443 0.9174311926605503 0.7614678899082566 0.8425925925925926 0.902654867256637 0.9130434782608695 0.8623853211009171 0.9545454545454547 0.8703703703703701 0.9907407407407406 0.9166666666666666 0.6130952380952382 0.639751552795031 0.6 0.6482758620689654 0.6073619631901841 0.651315789473684 0.6380368098159508 0.6716417910447761 0.617283950617284 0.6666666666666666 0.639705882352941 0.6601307189542484 0.6326530612244898 0.6289308176100629 0.704225352112676 0.6296296296296294 0.6601307189542484 0.6712328767123288 0.5849056603773585 0.6713286713286712 0.6358024691358024 0.6556291390728475 0.5853658536585367 0.6305732484076433 0.6369426751592355 0.6273291925465838 0.5928143712574849 0.5906432748538011 0.6369426751592357 0.6978417266187049 0.6737588652482269 0.683453237410072 0.6712328767123288 0.5975609756097562 0.6688741721854303 0.6645569620253166 0.6144578313253011 0.5987261146496814 0.6870748299319727 0.6620689655172414 0.6554054054054054 0.6392405063291139 0.6598639455782312 0.6716417910447761 0.6621621621621622 0.6824324324324323 0.6711409395973154 0.6451612903225805 0.7045454545454544 0.6689189189189187 0.5621621621621621 0.593939393939394 0.5372340425531913 0.574712643678161 0.5549450549450551 0.505 0.5947712418300654 0.5235602094240838 0.5333333333333332 0.5487179487179487 0.5953757225433527 0.5664739884393064 0.5580110497237568 0.5853658536585364 0.5823529411764705 0.5819209039548022 0.5771428571428571 0.5294117647058825 0.4708737864077668 0.5740740740740742 0.553763440860215 0.6111111111111109 0.4925373134328357 0.5868263473053893 0.5714285714285713 0.5508021390374331 0.5999999999999998 0.6121212121212121 0.5561797752808988 0.5519125683060108 0.5183246073298429 0.5373134328358209 0.5530726256983238 0.5963855421686746 0.5773809523809523 0.5101010101010102 0.5833333333333334 0.586206896551724 0.6196319018404908 0.5635359116022098 0.5543478260869565 0.5666666666666667 0.593939393939394 0.5508021390374332 0.5591397849462364 0.5642458100558659 0.5680473372781065 0.5804597701149425 0.5965909090909091 0.6121212121212121
012 0.9423076923076923 0.9306930693069306 0.9400000000000002 0.9400000000000001 0.9423076923076925 0.8771929824561402 0.9504950495049505 0.9705882352941178 0.8900000000000002 0.9405940594059404 0.9082568807339448 1.0 0.93 0.8500000000000002 0.8275862068965516 0.818181818181818 0.8584070796460176 0.9333333333333332 0.8695652173913042 0.9166666666666666 0.9345794392523363 0.9166666666666665 0.9019607843137256 0.9252336448598129 0.9708737864077669 0.9411764705882353 0.9615384615384615 0.9428571428571428 0.9423076923076923 0.9700000000000001 0.9700000000000001 0.9166666666666665 0.8828828828828829 0.8521739130434783 0.9405940594059404 0.9215686274509804 0.8981481481481484 0.9405940594059404 0.8900000000000002 0.9611650485436892 0.9326923076923077 0.8217821782178217 0.9100000000000001 0.9345794392523366 0.8928571428571428 0.9306930693069306 0.9345794392523366 0.9400000000000001 0.9166666666666666 0.950980392156863 0.593939393939394 0.6202531645569619 0.5808383233532932 0.6267605633802817 0.5875000000000001 0.6308724832214764 0.61875 0.7142857142857141 0.5974842767295596 0.6690647482014388 0.6666666666666666 0.6399999999999999 0.6111111111111113 0.6089743589743589 0.6834532374100718 0.610062893081761 0.6399999999999999 0.6503496503496503 0.5641025641025641 0.6499999999999998 0.6163522012578615 0.635135135135135 0.5652173913043478 0.6103896103896104 0.6168831168831167 0.6075949367088606 0.573170731707317 0.5714285714285714 0.6168831168831169 0.676470588235294 0.6521739130434783 0.6617647058823529 0.6503496503496503 0.5776397515527951 0.6486486486486485 0.6451612903225806 0.5950920245398772 0.5779220779220778 0.6666666666666665 0.6408450704225351 0.6344827586206896 0.6193548387096773 0.638888888888889 0.7007874015748032 0.6413793103448275 0.6620689655172414 0.6506849315068491 0.6249999999999999 0.7222222222222221 0.6482758620689654 0.5439560439560439 0.5740740740740741 0.5189189189189188 0.5555555555555555 0.5363128491620113 0.48730964467005056 0.6275862068965515 0.5053191489361702 0.5141242937853107 0.5154639175257733 0.5764705882352941 0.5470588235294117 0.5393258426966292 0.5652173913043478 0.5628742514970059 0.5632183908045977 0.5581395348837209 0.4901960784313726 0.45320197044334964 0.5534591194968554 0.5355191256830601 0.591194968553459 0.4747474747474747 0.5670731707317073 0.5530726256983238 0.5326086956521738 0.5802469135802468 0.5925925925925924 0.537142857142857 0.5333333333333332 0.5 0.49751243781094523 0.534090909090909 0.5766871165644172 0.5575757575757574 0.4923076923076921 0.5649717514124294 0.5672514619883039 0.6 0.544943820224719 0.5359116022099448 0.5480225988700564 0.5740740740740741 0.5326086956521738 0.540983606557377 0.5454545454545455 0.5481927710843374 0.5614035087719298 0.5780346820809248 0.5925925925925924
013 0.9117647058823529 0.9789473684210526 0.9479166666666666 0.9479166666666669 0.911764705882353 0.8157894736842104 0.9191919191919191 0.9207920792079209 0.9361702127659577 0.9687499999999999 0.8611111111111109 0.93 1.0 0.913978494623656 0.7982456140350876 0.7749999999999998 0.8288288288288287 0.9029126213592231 0.8086956521739129 0.8691588785046729 0.8691588785046729 0.8691588785046727 0.8700000000000001 0.8773584905660378 0.9029126213592233 0.9489795918367349 0.8942307692307693 0.8942307692307693 0.9117647058823527 0.9387755102040817 0.9587628865979381 0.8691588785046727 0.8532110091743118 0.8230088495575223 0.9687499999999999 0.9285714285714286 0.8679245283018869 0.9687499999999999 0.9361702127659577 0.9117647058823529 0.9019607843137255 0.8631578947368419 0.916666666666667 0.869158878504673 0.8303571428571428 0.9789473684210526 0.869158878504673 0.9479166666666669 0.8691588785046729 0.9393939393939394 0.570552147239264 0.596153846153846 0.5670731707317073 0.6231884057971014 0.5833333333333334 0.6275862068965516 0.5849056603773584 0.7131147540983607 0.5935483870967742 0.6666666666666666 0.664 0.6369863013698629 0.6071428571428571 0.6052631578947367 0.6814814814814815 0.596153846153846 0.636986301369863 0.6474820143884892 0.5592105263157895 0.6470588235294117 0.592356687898089 0.6319444444444443 0.5605095541401273 0.6066666666666666 0.6133333333333333 0.6038961038961038 0.56875 0.5670731707317073 0.6133333333333334 0.6742424242424242 0.6492537313432837 0.6590909090909092 0.6474820143884892 0.5732484076433121 0.6458333333333333 0.6000000000000001 0.5812499999999999 0.5733333333333333 0.6642857142857143 0.6376811594202899 0.6312056737588653 0.6158940397350993 0.6357142857142856 0.6991869918699186 0.6382978723404253 0.6595744680851064 0.647887323943662 0.6216216216216215 0.721311475409836 0.6453900709219859 0.5138121546961325 0.5696202531645569 0.5138121546961325 0.5508982035928145 0.5314285714285714 0.4818652849740932 0.6241134751773049 0.4999999999999999 0.5086705202312138 0.47938144329896903 0.5535714285714287 0.5421686746987951 0.5344827586206895 0.5605095541401274 0.558282208588957 0.5406976744186045 0.5535714285714286 0.4558823529411764 0.44723618090452266 0.5483870967741935 0.5138121546961325 0.5870967741935482 0.4690721649484536 0.5625 0.5224719101123595 0.510989010989011 0.5759493670886076 0.5886075949367088 0.5321637426900584 0.5284090909090908 0.49456521739130443 0.462686567164179 0.5290697674418605 0.5723270440251572 0.5527950310559006 0.4869109947643979 0.5254237288135593 0.5535714285714285 0.5961538461538461 0.5314285714285714 0.5224719101123595 0.5344827586206896 0.5696202531645569 0.510989010989011 0.510989010989011 0.5406976744186046 0.5432098765432098 0.5568862275449102 0.53757225433526 0.5886075949367088
014 0.8333333333333333 0.8947368421052629 0.9042553191489361 0.9042553191489361 0.8333333333333334 0.7456140350877192 0.8762886597938142 0.8415841584158417 0.9333333333333331 0.8854166666666665 0.7870370370370369 0.8500000000000002 0.913978494623656 1.0 0.7589285714285715 0.7083333333333333 0.7727272727272725 0.8252427184466017 0.7391304347826086 0.7943925233644858 0.7943925233644858 0.7943925233644857 0.8842105263157894 0.8018867924528302 0.825242718446602 0.8673469387755103 0.8173076923076923 0.8173076923076924 0.8333333333333333 0.8762886597938145 0.8762886597938145 0.7943925233644857 0.7798165137614679 0.752212389380531 0.8854166666666665 0.8854166666666669 0.8095238095238095 0.8854166666666665 0.9550561797752807 0.8333333333333333 0.8415841584158414 0.8571428571428571 0.9340659340659339 0.7943925233644861 0.7589285714285713 0.8947368421052632 0.794392523364486 0.9042553191489361 0.7943925233644861 0.8585858585858586 0.5214723926380369 0.5448717948717947 0.5182926829268292 0.5652173913043479 0.5320512820512822 0.5724137931034482 0.5345911949685535 0.6475409836065573 0.5419354838709677 0.6074074074074074 0.6 0.5821917808219176 0.55 0.5526315789473683 0.6222222222222221 0.5448717948717948 0.5821917808219177 0.5899280575539567 0.506578947368421 0.588235294117647 0.5414012738853501 0.5763888888888888 0.5095541401273885 0.5533333333333332 0.5599999999999999 0.5519480519480519 0.5187499999999999 0.5182926829268293 0.56 0.6136363636363636 0.5895522388059703 0.5984848484848486 0.5899280575539567 0.5222929936305734 0.5902777777777777 0.5483870967741935 0.53125 0.5199999999999999 0.607142857142857 0.5797101449275363 0.5744680851063829 0.5629139072847681 0.5785714285714285 0.6341463414634146 0.5815602836879431 0.6028368794326242 0.591549295774648 0.5675675675675675 0.6557377049180326 0.5886524822695035 0.4696132596685081 0.5189873417721518 0.4696132596685081 0.502994011976048 0.48571428571428577 0.4404145077720206 0.5673758865248226 0.4565217391304348 0.4624277456647399 0.4381443298969072 0.505952380952381 0.49397590361445787 0.4885057471264367 0.5095541401273885 0.50920245398773 0.4941860465116277 0.5059523809523809 0.41666666666666674 0.40703517587939686 0.49677419354838714 0.4696132596685081 0.5354838709677419 0.4278350515463918 0.5125 0.4775280898876404 0.46703296703296693 0.5253164556962024 0.5379746835443037 0.48538011695906425 0.4829545454545454 0.451086956521739 0.42288557213930345 0.4825581395348837 0.5220125786163521 0.5031055900621118 0.4450261780104712 0.4802259887005649 0.5059523809523808 0.5448717948717948 0.48571428571428554 0.4775280898876404 0.4885057471264367 0.5189873417721518 0.46703296703296693 0.46703296703296704 0.4941860465116279 0.49382716049382713 0.5089820359281438 0.49132947976878594 0.5379746835443037
